 seq | path_seq | end_vid | node  | edge  |       cost       |     agg_cost     
-----+----------+---------+-------+-------+------------------+------------------
   1 |        1 |    1458 | 13224 | 19236 | 34.2881362281889 |                0
   2 |        2 |    1458 |   505 | 19237 | 41.0032605665559 | 34.2881362281889
   3 |        3 |    1458 |  1550 |   850 | 42.8455117819296 | 75.2913967947447
   4 |        4 |    1458 |  8663 |   851 | 16.4791192084346 | 118.136908576674
   5 |        5 |    1458 |  6843 |   852 | 8.95717020422545 | 134.616027785109
   6 |        6 |    1458 |  5650 |  5150 | 114.324986792963 | 143.573197989334
   7 |        7 |    1458 |  4506 |  7329 | 7.99060651926608 | 257.898184782297
   8 |        8 |    1458 |  6510 |  7020 | 6.17978906498578 | 265.888791301563
   9 |        9 |    1458 |  7089 |  5565 | 7.17751346475173 | 272.068580366549
  10 |       10 |    1458 | 13024 |  8750 | 8.79876186542804 | 279.246093831301
  11 |       11 |    1458 |  6624 | 20080 | 15.3957935477721 | 288.044855696729
  12 |       12 |    1458 | 15949 |  1477 |  51.738946011487 | 303.440649244501
  13 |       13 |    1458 | 15366 |  1476 | 13.7209541040273 | 355.179595255988
  14 |       14 |    1458 | 13617 |  1475 | 22.7754635654335 | 368.900549360015
  15 |       15 |    1458 |  1378 |  6681 | 5.06086163107774 | 391.676012925449
  16 |       16 |    1458 |   427 | 19125 | 8.09357916215779 | 396.736874556526
  17 |       17 |    1458 |  9285 | 19126 | 75.5114762936174 | 404.830453718684
  18 |       18 |    1458 |  6752 | 19243 | 34.1797743478905 | 480.341930012301
  19 |       19 |    1458 | 10545 | 19242 | 101.394692997563 | 514.521704360192
  20 |       20 |    1458 |  5817 | 19241 | 7.79797705613788 | 615.916397357755
  21 |       21 |    1458 |  7508 | 19248 | 7.18477702088377 | 623.714374413892
  22 |       22 |    1458 | 10074 | 19133 | 4.88430206466937 | 630.899151434776
  23 |       23 |    1458 |  1575 |  5653 | 66.9043211927399 | 635.783453499445
  24 |       24 |    1458 | 14787 |  5652 | 5.99282361875801 | 702.687774692185
  25 |       25 |    1458 | 13428 | 14423 | 6.69286400681673 | 708.680598310944
  26 |       26 |    1458 |  2530 | 14424 | 201.943587700405 |  715.37346231776
  27 |       27 |    1458 |  8322 | 19259 | 144.317717517644 | 917.317050018165
  28 |       28 |    1458 |  1911 | 19103 | 8.21819590424307 | 1061.63476753581
  29 |       29 |    1458 |  8850 | 19113 | 10.7972647438228 | 1069.85296344005
  30 |       30 |    1458 |  8421 |   402 |  13.697201363779 | 1080.65022818388
  31 |       31 |    1458 |  6588 |  9581 | 3.34542374164179 | 1094.34742954765
  32 |       32 |    1458 |   341 |  9580 | 5.24276934308748 |  1097.6928532893
  33 |       33 |    1458 | 15780 |  9579 | 94.4081169243771 | 1102.93562263238
  34 |       34 |    1458 |  1458 |    -1 |                0 | 1197.34373955676
  35 |        1 |    6549 | 13224 |   815 | 122.603330927938 |                0
  36 |        2 |    6549 |  3495 |   820 | 108.873256142959 | 122.603330927938
  37 |        3 |    6549 |   905 | 19177 | 6.69426733935636 | 231.476587070897
  38 |        4 |    6549 |  6893 | 19178 | 5.70936684444834 | 238.170854410253
  39 |        5 |    6549 |  7753 | 19191 | 32.7605982468217 | 243.880221254702
  40 |        6 |    6549 |  8159 |  7015 | 33.7611443217917 | 276.640819501523
  41 |        7 |    6549 |  2477 |  7016 | 6.03595481331128 | 310.401963823315
  42 |        8 |    6549 | 11902 |  7017 |  6.3758555438943 | 316.437918636626
  43 |        9 |    6549 |  2042 |  7018 | 7.99482329223677 | 322.813774180521
  44 |       10 |    6549 |  4004 |  7019 | 67.5830026742709 | 330.808597472757
  45 |       11 |    6549 |  6549 |    -1 |                0 | 398.391600147028
  46 |        1 |    9224 | 13224 | 19236 | 34.2881362281889 |                0
  47 |        2 |    9224 |   505 | 19237 | 41.0032605665559 | 34.2881362281889
  48 |        3 |    9224 |  1550 |  2453 | 80.5051369313371 | 75.2913967947447
  49 |        4 |    9224 | 11811 |  2452 | 25.2517632320277 | 155.796533726082
  50 |        5 |    9224 |   107 |  2451 | 11.6401585942618 |  181.04829695811
  51 |        6 |    9224 |    72 |  2450 | 7.87686325157605 | 192.688455552371
  52 |        7 |    9224 |  5870 |  4638 | 7.01219046590498 | 200.565318803947
  53 |        8 |    9224 |  4835 |  4639 | 10.1148055346673 | 207.577509269852
  54 |        9 |    9224 |  4237 |  4640 | 7.59311019656177 |  217.69231480452
  55 |       10 |    9224 |  6985 |  4641 | 7.36464784212053 | 225.285425001082
  56 |       11 |    9224 |  6229 |  4642 | 21.2289553250381 | 232.650072843202
  57 |       12 |    9224 |  2423 |  4643 | 1.26130287196517 |  253.87902816824
  58 |       13 |    9224 |  2632 |  4644 | 18.9325123493666 | 255.140331040205
  59 |       14 |    9224 |  1390 |  4645 | 2.58468763369201 | 274.072843389572
  60 |       15 |    9224 |   660 |  4646 | 11.1153490120191 | 276.657531023264
  61 |       16 |    9224 |  7472 |  8306 | 9.41644722856957 | 287.772880035283
  62 |       17 |    9224 | 10632 |  8312 | 6.01403012804675 | 297.189327263853
  63 |       18 |    9224 | 13696 |  8325 | 21.3771218114931 | 303.203357391899
  64 |       19 |    9224 |   658 |  8326 | 18.0591922185045 | 324.580479203393
  65 |       20 |    9224 |  7225 |  8327 |  16.620613953415 | 342.639671421897
  66 |       21 |    9224 |  9454 |  8315 | 26.3973116183559 | 359.260285375312
  67 |       22 |    9224 | 11977 | 19152 | 20.2516261472536 | 385.657596993668
  68 |       23 |    9224 | 16021 | 18830 | 97.5014751942106 | 405.909223140922
  69 |       24 |    9224 | 14235 | 19309 | 26.0131000911547 | 503.410698335132
  70 |       25 |    9224 | 11615 | 19308 | 8.24984162613557 | 529.423798426287
  71 |       26 |    9224 |  2778 | 19307 | 15.8946341946029 | 537.673640052422
  72 |       27 |    9224 |  2964 | 19306 | 12.2308502253616 | 553.568274247025
  73 |       28 |    9224 |  7869 | 19088 | 86.6549427874448 | 565.799124472387
  74 |       29 |    9224 |  9990 | 20393 | 79.9569750653582 | 652.454067259832
  75 |       30 |    9224 |  6992 | 20392 |  94.710541979303 |  732.41104232519
  76 |       31 |    9224 |    94 | 13470 | 19.4254829439341 | 827.121584304493
  77 |       32 |    9224 |  1007 | 19179 |   80.66085913057 | 846.547067248427
  78 |       33 |    9224 |   174 | 20384 | 29.5030049764708 | 927.207926378997
  79 |       34 |    9224 |   199 |  6301 | 72.3251075980845 | 956.710931355468
  80 |       35 |    9224 |  9153 |  6300 | 11.1676877043869 | 1029.03603895355
  81 |       36 |    9224 |  3338 |  6299 |  76.375819556296 | 1040.20372665794
  82 |       37 |    9224 | 13203 |  6298 | 25.6366908933222 | 1116.57954621424
  83 |       38 |    9224 | 10104 |  6297 |  7.4406678952637 | 1142.21623710756
  84 |       39 |    9224 |  4096 |  6296 | 28.7594299002777 | 1149.65690500282
  85 |       40 |    9224 | 15346 | 20388 | 11.7225119918359 |  1178.4163349031
  86 |       41 |    9224 | 15694 |  4562 | 67.6205287123165 | 1190.13884689493
  87 |       42 |    9224 | 12284 |  4561 | 6.61662323402174 | 1257.75937560725
  88 |       43 |    9224 | 11204 |  4560 | 13.3944947746719 | 1264.37599884127
  89 |       44 |    9224 | 12838 |  4558 | 38.1245758535969 | 1277.77049361594
  90 |       45 |    9224 |  2595 |  4559 | 42.6336813256604 | 1315.89506946954
  91 |       46 |    9224 |  4676 |  8168 | 15.3929714640095 |  1358.5287507952
  92 |       47 |    9224 |  3456 |  8167 | 11.8683693296658 | 1373.92172225921
  93 |       48 |    9224 |  3477 |  8166 | 7.37672299929922 | 1385.79009158888
  94 |       49 |    9224 |  4551 |  1071 | 63.0504906386191 | 1393.16681458818
  95 |       50 |    9224 |  5894 |  1074 | 16.2923546318245 |  1456.2173052268
  96 |       51 |    9224 |    97 |  1075 | 7.30158662947286 | 1472.50965985862
  97 |       52 |    9224 |  9981 | 17566 | 8.55925772954955 | 1479.81124648809
  98 |       53 |    9224 |  7365 | 17567 | 88.7191194949846 | 1488.37050421764
  99 |       54 |    9224 |  9783 |  3750 |  23.652887417845 | 1577.08962371263
 100 |       55 |    9224 |  9765 | 18292 | 12.5706394548025 | 1600.74251113047
 101 |       56 |    9224 | 10042 |  5746 | 5.73746869512169 | 1613.31315058527
 102 |       57 |    9224 | 13899 | 14574 | 13.0763121697071 |  1619.0506192804
 103 |       58 |    9224 |  8935 | 18562 | 5.33004026537109 |  1632.1269314501
 104 |       59 |    9224 | 12237 | 18563 | 32.8216394322923 | 1637.45697171547
 105 |       60 |    9224 | 13998 | 18561 | 41.8365160140774 | 1670.27861114777
 106 |       61 |    9224 |  7908 | 10969 | 8.03935226621607 | 1712.11512716184
 107 |       62 |    9224 | 13281 | 10968 | 9.49874224132999 | 1720.15447942806
 108 |       63 |    9224 | 11139 |  6491 | 9.26511765704051 | 1729.65322166939
 109 |       64 |    9224 |  5874 | 18336 | 5.69731564310177 | 1738.91833932643
 110 |       65 |    9224 |  8016 | 18305 | 7.08599261079426 | 1744.61565496953
 111 |       66 |    9224 | 16045 | 18790 | 37.7884594503012 | 1751.70164758033
 112 |       67 |    9224 | 15391 | 18791 | 66.8980879911976 | 1789.49010703063
 113 |       68 |    9224 |  5214 |  6710 | 13.9262578014744 | 1856.38819502183
 114 |       69 |    9224 |  4540 |  6711 |  46.421815690639 |  1870.3144528233
 115 |       70 |    9224 |  9224 |    -1 |                0 | 1916.73626851394
(115 rows)

