 seq | path_seq | node  | edge  |       cost        |     agg_cost     |                                                                          the_geom                                                                          
-----+----------+-------+-------+-------------------+------------------+------------------------------------------------------------------------------------------------------------------------------------------------------------
   1 |        1 | 13224 |   815 |  19.9230412757899 |                0 | 0102000020E61000000200000045888620627E1C40AE7FD767CE5B494049D2DAD9FC7C1C4024D3A1D3F35B4940
   2 |        2 |  3495 |   820 |  10.8873256142959 | 19.9230412757899 | 0102000020E6100000040000003A9FF0C80E801C4055409072E65B49400E3E833C717F1C40D729A09ADC5B4940CF2AD8EB827E1C404E716605D05B494045888620627E1C40AE7FD767CE5B4940
   3 |        3 |   905 |   819 |  1.62841081775502 | 30.8103668900858 | 0102000020E610000003000000E6E95C514A801C40AC79E981EA5B49407748D6862F801C401E3B037EE85B49403A9FF0C80E801C4055409072E65B4940
   4 |        4 |  4973 |   331 |  1.09464370028738 | 32.4387777078408 | 0102000020E610000002000000E6E95C514A801C40AC79E981EA5B494023765C435F801C40ADF5EA88E85B4940
   5 |        5 |  8783 |  7014 |  1.85980318726536 | 33.5334214081282 | 0102000020E61000000200000023765C435F801C40ADF5EA88E85B4940E5EA6C6D86801C406D40DF71E55B4940
   6 |        6 | 12792 |  8077 | 0.387128281146154 | 35.3932245953936 | 0102000020E610000002000000E5EA6C6D86801C406D40DF71E55B494049F59D5F94801C406C825E6EE65B4940
   7 |        7 | 10537 |  8078 | 0.691584902562495 | 35.7803528765397 | 0102000020E61000000200000049F59D5F94801C406C825E6EE65B4940D787F546AD801C403621AD31E85B4940
   8 |        8 |  3323 |  8070 |  4.74670060391361 | 36.4719377791022 | 0102000020E610000002000000D787F546AD801C403621AD31E85B494014200A664C811C4078279F1EDB5B4940
   9 |        9 |  1515 | 19175 | 0.434844038482694 | 41.2186383830159 | 0102000020E61000000200000014200A664C811C4078279F1EDB5B49407EE772DE5A811C4085C1EBE9D95B4940
  10 |       10 |  7787 | 19176 |  1.50706950320129 | 41.6534824214985 | 0102000020E6100000020000007EE772DE5A811C4085C1EBE9D95B4940EDC2C5408D811C40275591C0D55B4940
  11 |       11 | 15950 | 19186 |  6.87047357229535 | 43.1605519246998 | 0102000020E610000002000000EDC2C5408D811C40275591C0D55B49401EFF603B73821C40FC896FCDC25B4940
  12 |       12 |  6062 |  7889 |  1.29886576975074 | 50.0310254969952 | 0102000020E6100000020000001EFF603B73821C40FC896FCDC25B49405A2DB0C744821C408CF4A276BF5B4940
  13 |       13 |  6549 |    -1 |                 0 | 51.3298912667459 | 
(13 rows)

