 source | target | edge |                                                          the_geom                                                          
--------+--------+------+----------------------------------------------------------------------------------------------------------------------------
     91 |     78 |  127 | 0102000020E610000002000000F48EAE2D97355240EDFFD258B11C3340CE44C7C49C3552405ACBAEC5B81C3340
     90 |     91 |  149 | 0102000020E61000000200000048EF65EC95355240BC9E9E2DD61C3340F48EAE2D97355240EDFFD258B11C3340
     39 |     90 |  148 | 0102000020E610000002000000DE86623C943552406A508FC8D21C334048EF65EC95355240BC9E9E2DD61C3340
     77 |     91 |  150 | 0102000020E6100000020000007229F8B7953552404F907D35AC1C3340F48EAE2D97355240EDFFD258B11C3340
     58 |     77 |  125 | 0102000020E610000002000000D2318C60883552404D672783A31C33407229F8B7953552404F907D35AC1C3340
     51 |     58 |   96 | 0102000020E6100000020000004A9693507A35524033E25D899B1C3340D2318C60883552404D672783A31C3340
     51 |     23 |   38 | 0102000020E6100000020000004A9693507A35524033E25D899B1C3340FD570C0D7A355240CE2C53DD6D1C3340
     22 |     23 |   39 | 0102000020E6100000020000002DEDD45C6E35524013680B63661C3340FD570C0D7A355240CE2C53DD6D1C3340
    314 |     22 |   35 | 0102000020E6100000020000001DA8F8646A3552403B504C83471C33402DEDD45C6E35524013680B63661C3340
    314 |     21 |   32 | 0102000020E6100000030000001DA8F8646A3552403B504C83471C3340B97592086835524021D4FB7C4A1C334045E4AA686235524028863F1E551C3340
(10 rows)

 source | target | edge |        agg_cost        
--------+--------+------+------------------------
     77 |     91 |  150 | 0.00011868180146658374
     91 |     78 |  127 | 0.00035951958222797713
     90 |     91 |  149 |  0.0005671962270664609
     39 |     90 |  148 |  0.0006824882042342863
     24 |     77 |  126 |  0.0007877531202786062
     24 |     92 |  152 |  0.0008877883640677352
     58 |     77 |  125 |  0.0009437234852640964
     92 |    316 |  479 |   0.001435218624463729
     92 |     82 |  132 |  0.0014838157208228499
     82 |     38 |   66 |  0.0015808774537568746
(10 rows)

