 source | target | edge |        agg_cost        
--------+--------+------+------------------------
     77 |     91 |  150 | 0.00011868180146658374
     91 |     78 |  127 | 0.00035951958222797713
     90 |     91 |  149 |  0.0005671962270664609
     39 |     90 |  148 |  0.0006824882042342863
     24 |     77 |  126 |  0.0007877531202786062
     24 |     92 |  152 |  0.0008877883640677352
     58 |     77 |  125 |  0.0009437234852640964
     92 |    316 |  479 |   0.001435218624463729
     92 |     82 |  132 |  0.0014838157208228499
     82 |     38 |   66 |  0.0015808774537568746
     51 |     58 |   96 |  0.0018106085872285132
     82 |    228 |  356 |   0.001826155099217423
    224 |     38 |   65 |  0.0018917549859136732
    260 |    316 |  478 |   0.001906034199551588
    316 |    292 |  442 |  0.0020851507194858433
    228 |    227 |  355 |  0.0021192766610315496
    223 |    224 |  352 |  0.0021730743418091765
     51 |     23 |   38 |  0.0025076945360157712
    227 |     93 |  153 |  0.0025699117905989316
     93 |     37 |   63 |  0.0026847012064803153
     93 |    373 |  550 |  0.0028384657888950206
    371 |    373 |  549 |  0.0028588078635132835
     23 |     81 |  131 |  0.0031563455207531516
    111 |     93 |  154 |  0.0032205005086138414
     22 |     23 |   39 |  0.0032301614003031583
    373 |    374 |  551 |  0.0034062374419316656
    260 |    247 |  380 |   0.003576752320850989
    374 |    372 |  548 |  0.0036677536364656126
    314 |     22 |   35 |  0.0037598745774092817
    373 |    157 |  257 |   0.003828307357024344
     13 |    157 |  258 |   0.003907575257208276
    314 |     21 |   32 |   0.004290646228050957
    374 |    375 |  552 |  0.0044639040481931685
     20 |     21 |   34 |   0.004471813912813857
     80 |     21 |   33 |  0.0047321840098541795
    157 |    213 |  341 |   0.004810073016437669
    213 |    364 |  540 |   0.004909875270909279
     79 |     80 |  129 |   0.004998094107443028
     70 |     20 |   30 |   0.005151733751397929
    306 |     79 |  128 |   0.005397011454769625
     70 |     74 |  120 |   0.005415790601344781
     69 |     70 |  115 |   0.005720741702274594
     69 |     73 |  119 |   0.005995470095429714
     74 |     34 |   57 |   0.006000686713751475
     68 |     69 |  114 |    0.00600925924073542
    306 |    131 |  212 |   0.006296276399040716
    112 |    306 |  462 |   0.006399053095623237
     72 |     68 |  112 |  0.0065243767030716505
     73 |     33 |   56 |   0.006526140382315214
    276 |     33 |   55 |   0.006791757042188123
     56 |     72 |  116 |   0.006919615175388214
     32 |    276 |  422 |   0.006954760263012151
    131 |    127 |  205 |   0.007055614275093745
    112 |    293 |  443 |   0.007248252606927722
     55 |     56 |   93 |   0.007434028561239837
     31 |     32 |   54 |   0.007547769846081874
     71 |     55 |   92 |   0.007630618133709768
    127 |    123 |  199 |   0.007738069291925137
     54 |     71 |    2 |   0.007764380049060737
     30 |     31 |   52 |   0.008012734186996178
    360 |     71 |    1 |   0.008202426781770711
     53 |     54 |   91 |   0.008304811521958116
     29 |     30 |   51 |    0.00840771528976341
    360 |    361 |  536 |   0.008632666247142378
     25 |    360 |  535 |    0.00863728493290152
    123 |    267 |  407 |   0.008674024857104362
     67 |     30 |   50 |    0.00877266431536125
     29 |     47 |   83 |       0.00887590487743
     28 |     29 |   49 |   0.008957788359373237
    361 |     57 |   94 |   0.009152239158289237
     52 |     25 |   43 |   0.009161728437972048
     47 |     48 |   84 |   0.009259805515612164
     27 |     28 |   48 |   0.009329259085001637
     57 |     19 |   29 |   0.009484704509862591
    267 |      3 |    6 |    0.00965949092450238
     66 |     28 |   47 |   0.009696191183036275
    175 |      3 |    8 |   0.009781876422019622
     48 |     76 |  123 |    0.00988713759905477
     75 |     27 |   46 |   0.009929805600138179
     27 |     46 |   81 |    0.00998981577988822
     48 |     61 |  102 |   0.010014227493022282
    225 |      3 |    7 |   0.010137876814765252
    175 |    226 |  354 |    0.01021279230708079
     76 |     49 |   85 |   0.010212979170985518
      4 |    225 |  353 |   0.010439542606660994
    226 |    229 |  357 |   0.010521943030841406
    122 |    175 |  291 |   0.010606872161397466
     61 |     42 |   72 |   0.010705853699875529
     26 |     75 |  122 |   0.010729418015338336
     65 |     75 |  121 |   0.010734507041666713
    141 |    122 |  198 |   0.010808317364870207
     49 |     50 |   87 |   0.010838554966417648
      5 |      4 |    9 |   0.010940242616646924
    207 |      5 |   10 |   0.011018500140246992
    121 |    141 |  229 |   0.011099533206091016
     42 |     43 |   75 |   0.011212305079580081
     43 |     87 |  142 |   0.011346437924174666
     87 |    194 |  320 |   0.011425843843350814
     64 |     65 |  107 |   0.011427807084659384
    332 |    121 |  196 |   0.011452599913668295
     16 |     26 |   45 |   0.011506461521719821
    218 |     87 |  140 |    0.01161344352674617
     50 |     59 |   98 |   0.011682670035577146
    302 |    332 |  499 |   0.011936233690082943
    269 |    218 |  346 |     0.0119398936760775
    218 |     86 |  138 |   0.011966129343721736
    140 |    302 |  457 |   0.012011173932943594
    269 |    294 |  444 |   0.012083944916963586
     86 |     94 |  155 |   0.012176824217886607
    303 |    302 |  456 |   0.012274444829634915
     63 |     64 |  106 |    0.01232232237445699
     15 |     16 |   25 |   0.012328617031263214
     63 |     17 |   26 |   0.012333724128701318
     59 |     40 |   68 |   0.012427861292913933
     94 |     44 |   76 |   0.012494244522851557
    294 |    195 |  321 |   0.012511052397583199
     40 |     89 |  146 |   0.012524721294979502
     44 |     85 |  137 |   0.012636964458392073
    206 |     85 |  136 |    0.01281313619278495
    347 |    140 |  227 |   0.013020757581713078
    140 |    119 |  193 |   0.013023641300320708
    355 |     89 |  145 |   0.013025350738788122
     88 |    355 |  528 |   0.013108410777308838
    355 |    362 |  537 |   0.013143862341598034
    362 |    363 |  539 |   0.013229200492497307
      6 |     15 |   24 |   0.013309808108481874
    174 |      6 |   13 |   0.013366332262613604
    119 |    333 |  501 |   0.013394888307042847
    363 |     41 |   70 |   0.013475560391836085
     15 |     45 |   79 |    0.01348270540547333
    330 |    347 |  516 |   0.013491567872592364
    147 |    330 |  495 |   0.013514671551954018
    275 |     41 |   71 |   0.013753119214429576
    333 |    270 |  413 |   0.013832801175091477
     88 |    198 |  323 |    0.01390848292841219
    198 |    313 |  474 |    0.01402238815217526
    174 |    282 |  431 |   0.014100247959407352
    356 |    313 |  473 |   0.014134283549757693
     60 |    275 |  421 |   0.014228634145842595
    330 |    329 |  493 |    0.01425985440768745
     60 |    304 |  460 |   0.014497782469263674
    108 |    147 |  241 |   0.014616991383037388
    270 |    183 |  303 |   0.014626394276125448
    274 |    275 |  420 |   0.014665223796287145
    183 |    120 |  194 |   0.014723394276122131
    282 |    280 |  427 |   0.014727660080746462
    329 |    336 |  504 |    0.01487334079118108
    280 |    250 |  383 |    0.01497746458430758
    197 |    356 |  530 |    0.01499196824878754
    354 |    356 |  529 |    0.01510169535711566
    189 |    329 |  494 |   0.015104264469463904
    304 |    305 |  461 |   0.015122673805619605
    189 |    346 |  515 |   0.015235369026610861
    150 |    108 |  179 |   0.015421448665923336
    250 |    176 |  292 |   0.015422816501334225
    346 |    301 |  455 |   0.015449584105446243
    336 |    208 |  334 |   0.015470928021508058
    357 |    354 |  525 |   0.015523715530655166
      8 |    176 |  293 |   0.015527625852064656
    176 |    211 |  338 |    0.01552909171010803
    351 |    357 |  531 |   0.015584239327629494
    211 |     83 |  134 |    0.01563299478994606
    210 |    351 |  522 |   0.015670273564999424
    368 |    211 |  337 |   0.015722791271292676
    217 |    210 |  336 |   0.015731362434686945
    208 |    139 |  225 |   0.015746304745282384
    301 |    289 |  438 |   0.015777054346323798
    334 |    150 |  246 |   0.015786873966094253
    367 |    368 |  545 |    0.01591905731522287
    338 |    334 |  502 |   0.015934484941287106
    256 |    368 |  546 |    0.01593488903177056
    336 |    335 |  503 |   0.015936558080729493
      8 |    257 |  393 |   0.015976667286678042
    208 |    300 |  454 |    0.01597777992428822
    277 |     83 |  133 |    0.01600950544792929
     83 |    278 |  425 |   0.016018611685102317
    289 |    290 |  440 |   0.016070350095167173
    249 |      8 |   14 |   0.016085498966362882
    300 |    137 |  223 |   0.016107159250303614
    353 |    277 |  423 |   0.016116457446509306
    320 |    137 |  222 |   0.016154853694417604
    324 |    320 |  483 |   0.016238654231418327
    148 |    338 |  506 |   0.016248361668689617
    323 |    324 |  487 |   0.016305963220415342
    367 |    273 |  418 |   0.016309578195326576
    205 |    323 |  486 |   0.016365034702532227
     14 |    249 |  382 |    0.01638479751297463
    256 |    366 |  542 |   0.016414549328219712
    366 |    230 |  358 |   0.016545247951022128
    230 |     18 |   28 |   0.016594058810470536
    288 |    289 |  439 |   0.016622685438757473
    137 |    136 |  221 |   0.016629601830880896
    322 |    136 |  220 |   0.016675467940370683
     18 |    231 |  360 |   0.016751705535777782
    321 |    322 |  485 |   0.016814051092312456
    231 |    345 |  513 |    0.01682983651554494
    217 |    272 |  416 |   0.016842525442098067
    290 |    286 |  436 |    0.01685292734652753
    325 |    321 |  484 |   0.016900412252565347
    204 |    325 |  489 |   0.016987311274422226
    299 |    300 |  453 |   0.016995331863037817
    182 |    148 |  243 |    0.01704148073919109
    345 |    222 |  350 |   0.017052925488832388
    136 |    135 |  218 |   0.017109866369798922
    106 |    182 |  302 |    0.01714961963136788
     18 |    279 |  426 |   0.017233187921058463
     62 |     14 |   22 |    0.01723765731973232
    222 |    221 |  349 |   0.017272636503564896
    209 |    354 |  526 |   0.017287039987812232
    338 |    337 |  505 |   0.017317569338566374
    286 |    287 |  437 |    0.01732407170868798
    290 |    291 |  441 |   0.017327772322510628
     84 |     62 |  103 |   0.017363928298187434
    134 |    135 |  219 |   0.017456359385602173
    195 |    196 |  322 |   0.017566831022877705
    204 |    100 |  164 |   0.017605581538952815
    345 |    344 |  512 |   0.017623956260923633
    221 |      9 |   16 |   0.017660068174965415
    286 |    284 |  433 |   0.017815714849325447
    279 |    281 |  429 |   0.017913019959138857
      9 |    114 |  186 |   0.017991352052745293
    328 |    134 |  217 |   0.017994739195772363
    103 |    106 |  176 |   0.017997586069385424
    152 |    100 |  165 |   0.018170525474236632
    242 |    114 |  185 |   0.018255854283860697
    219 |    357 |  532 |    0.01837224127967696
    100 |    117 |  190 |    0.01839677755765173
    219 |     95 |  158 |   0.018433166233514243
    281 |    295 |  446 |    0.01856598619103622
      9 |    192 |  318 |   0.018606181497987838
    235 |    328 |  492 |    0.01867922856018848
    134 |    376 |  554 |   0.018763588373717412
    124 |    103 |  170 |   0.018845373855326124
    295 |    283 |  432 |   0.018925423779499184
    151 |    152 |  250 |   0.019018130783328244
    117 |    116 |  189 |    0.01911962772884764
    328 |    377 |  556 |   0.019275471655734608
    192 |    193 |  319 |   0.019364286306044153
    128 |    124 |  200 |   0.019467538953994723
    149 |    151 |  249 |   0.019801335788420266
    151 |    118 |  191 |   0.019849070263676074
    116 |    161 |  264 |    0.01991307426909057
    377 |    378 |  557 |   0.020044279564122483
    107 |    128 |  207 |    0.02011130469554754
    161 |    184 |  305 |   0.020124266954822462
     95 |     96 |  159 |   0.020230968057347604
    118 |    341 |  509 |   0.020259797155908255
     10 |    184 |  306 |   0.020330542296957608
    193 |    190 |  314 |   0.020367981603434684
    185 |    161 |  263 |   0.020373892169466147
    241 |    185 |  307 |   0.020470626289607968
    181 |    149 |  244 |   0.020645504671460386
    341 |    331 |  496 |   0.020649723123228127
    193 |    285 |  435 |   0.020689290007606276
    243 |    242 |  373 |   0.020705019801365666
     97 |    181 |  300 |   0.020756737445399725
    118 |    146 |  239 |   0.020760084078058252
    341 |    340 |  507 |   0.020982330878304395
    190 |    138 |  224 |   0.020993097922351683
    339 |    341 |  508 |   0.020998476247260974
     97 |    238 |  368 |   0.021325956032584928
    343 |    146 |  238 |   0.021364875157686206
    220 |    219 |  347 |   0.021441492429113786
    115 |    343 |  511 |   0.021608503440114415
    101 |     97 |  161 |   0.021625335808026315
    240 |    241 |  372 |     0.0220646706097302
    238 |    237 |  366 |   0.022136100180255094
    138 |    191 |  315 |   0.022152758155041526
    237 |      2 |    4 |    0.02220172860397479
      2 |    186 |  309 |    0.02230664499925115
    115 |    162 |  266 |   0.022429228052880074
    125 |    101 |  166 |    0.02244066014839574
    237 |    173 |  288 |   0.022444187245880154
    239 |    240 |  371 |   0.022609431337021934
    241 |    187 |  310 |   0.022855623556377134
    162 |    179 |  296 |   0.023054219964826456
    173 |    172 |  285 |   0.023067142284587026
    129 |    125 |  202 |       0.02309518001822
    343 |    342 |  510 |   0.023096227860133704
    184 |    327 |  491 |     0.0231098960081169
    308 |    239 |  369 |    0.02312685612382871
    178 |    172 |  284 |   0.023154943480479796
    179 |    163 |  268 |   0.023222474088111917
    113 |    242 |  374 |   0.023240345410934025
    310 |    308 |  465 |    0.02328190714769456
    163 |    349 |  519 |   0.023307348406955777
    349 |    348 |  517 |   0.023402009486603127
    163 |    180 |  298 |   0.023405143896767046
    348 |    350 |  521 |    0.02348466019743855
    307 |    308 |  466 |   0.023534247066290263
    307 |    309 |  467 |    0.02368903353210045
    132 |    129 |  208 |   0.023738899436908798
    105 |    172 |  286 |   0.023902536562754758
    240 |    188 |  311 |    0.02397688040208038
    234 |    239 |  370 |   0.024137577331662257
    126 |    105 |  173 |     0.0243672869258516
    327 |    326 |  490 |   0.024390052026799534
    109 |    132 |  213 |    0.02456512500538858
    126 |    130 |  211 |   0.025000367497350764
    145 |    109 |  180 |   0.025444851286681627
    130 |    133 |  216 |    0.02564414830631999
    353 |    352 |  523 |    0.02596729991854131
     99 |    145 |  237 |   0.026099471153478836
     98 |     99 |  163 |    0.02682904245910117
    133 |    102 |  168 |   0.026942557217255164
    102 |    104 |  172 |   0.027476409882705645
     36 |     98 |  162 |   0.027586867010038645
    104 |    202 |  329 |   0.027630222944681333
    158 |     36 |   61 |   0.027655438870151622
    203 |    353 |  524 |   0.027714580069202896
    202 |    266 |  405 |    0.02780988334655203
    110 |    102 |  169 |   0.027833058317756836
    102 |    165 |  272 |   0.027898119386870316
    273 |     12 |   19 |   0.027912689721122548
    266 |    200 |  325 |   0.027967109537273657
    165 |    317 |  481 |   0.027986042193921437
    158 |    312 |  472 |    0.02808154267205766
    199 |    200 |  326 |    0.02832513087678844
    312 |    311 |  470 |   0.028383145059316352
    202 |    201 |  327 |   0.028588884123292264
    144 |    110 |  183 |    0.02870205944548359
    236 |    317 |  480 |   0.028891178824486618
    164 |    165 |  271 |   0.028980114996833232
    236 |    166 |  273 |   0.028988927737524654
    268 |    164 |  269 |   0.029381821481721197
    143 |    144 |  235 |   0.029399460312997998
    177 |    268 |  410 |   0.029473824959914924
    268 |    315 |  476 |   0.029520399904281375
    171 |    315 |  477 |    0.02961303925876602
    166 |    167 |  275 |    0.02987817246199454
    271 |    236 |  364 |   0.030108917236270048
    142 |    143 |  232 |    0.03013147433608469
    327 |      1 |    3 |    0.03016751353776594
    167 |    168 |  277 |   0.030612930905297063
     35 |    142 |  231 |   0.030825145302751038
    159 |     35 |   59 |   0.030926936657993672
    168 |    169 |  279 |    0.03135112612337803
    169 |    156 |  255 |    0.03172251540701758
    156 |    170 |  281 |   0.032095078757335194
     11 |    170 |  282 |    0.03218530358762252
    359 |     11 |   18 |    0.03230082523060808
    160 |    359 |  533 |   0.032382688983065164
    170 |    155 |  254 |   0.032531280052608746
    233 |    271 |  415 |    0.03270823123788311
    160 |    154 |  252 |    0.03273223355819543
    153 |    160 |  262 |    0.03282392117817307
    154 |    212 |  340 |    0.03345326538828081
    271 |    232 |  361 |    0.03438352707853104
      7 |    359 |  534 |    0.03470533296818161
    212 |    216 |  343 |    0.03518219351162131
    358 |    233 |  362 |   0.038644650563971164
    233 |    365 |  541 |    0.05550111183660478
(352 rows)

