 gid | source | target |      agg_cost      |                                          the_geom                                          
-----+--------+--------+--------------------+--------------------------------------------------------------------------------------------
 163 |     98 |     99 | 1.2794927512370855 | 0102000020E61000000200000064A82FF0813552409540EF32681B334047FF70FC7535524030EB0FDE681B3340
 162 |     36 |     98 | 1.3290329100878826 | 0102000020E6100000020000004636A15A8E355240838D4699681B334064A82FF0813552409540EF32681B3340
  61 |    158 |     36 | 1.4493409579441925 | 0102000020E61000000200000051C719798F3552409540EF32681B33404636A15A8E355240838D4699681B3340
 472 |    158 |    312 | 2.2354545727659896 | 0102000020E61000000200000051C719798F3552409540EF32681B33408D83A6808F355240FDAF29464C1B3340
 237 |     99 |    145 |  2.427530387055349 | 0102000020E61000000200000047FF70FC7535524030EB0FDE681B33406499D9426B3552407D40A033691B3340
 470 |    312 |    311 |  2.791877105220322 | 0102000020E6100000020000008D83A6808F355240FDAF29464C1B33400A01AF858F3552400D8D2782381B3340
  21 |     36 |     13 | 3.9047199275446904 | 0102000020E6100000020000004636A15A8E355240838D4699681B3340E63B9DD0903552402B22799DC31B3340
 180 |    145 |    109 |  3.970347591636453 | 0102000020E6100000020000006499D9426B3552407D40A033691B3340A7EA1ED95C3552408E07B6A5691B3340
 259 |    157 |    158 |  4.022391725856522 | 0102000020E610000002000000F716201B923552402B6A300DC31B334051C719798F3552409540EF32681B3340
 236 |    293 |    145 |  4.742001982159765 | 0102000020E6100000020000005E21BDF26A3552405F3AF768BB1B33406499D9426B3552407D40A033691B3340
(10 rows)

