 gid | source | target |      agg_cost      |                                                                          the_geom                                                                          
-----+--------+--------+--------------------+------------------------------------------------------------------------------------------------------------------------------------------------------------
  20 |     36 |     13 | 3.9047199275446904 | 0102000020E6100000040000005E21BDF26A3552405F3AF768BB1B3340F3CF679B76355240B3C8C04BBA1B33406AAD1EE681355240C2DF8A1FBE1B3340E63B9DD0903552402B22799DC31B3340
  20 |    293 |    145 |  4.742001982159765 | 0102000020E6100000040000005E21BDF26A3552405F3AF768BB1B3340F3CF679B76355240B3C8C04BBA1B33406AAD1EE681355240C2DF8A1FBE1B3340E63B9DD0903552402B22799DC31B3340
  21 |     36 |     98 | 1.3290329100878826 | 0102000020E6100000020000004636A15A8E355240838D4699681B3340E63B9DD0903552402B22799DC31B3340
  21 |     36 |     13 | 3.9047199275446904 | 0102000020E6100000020000004636A15A8E355240838D4699681B3340E63B9DD0903552402B22799DC31B3340
  40 |     38 |     24 |  9.244894208545695 | 0102000020E610000002000000139A249694355240BB7B2535591C3340AE896077953552404D6C9967801C3340
  41 |     38 |     24 |  9.244894208545695 | 0102000020E610000002000000FD570C0D7A355240CE2C53DD6D1C3340AE896077953552404D6C9967801C3340
  59 |    159 |     35 |  6.144599533802122 | 0102000020E610000002000000B73066A68F3552409E4B27C8BE1A334040BE840A8E3552403E6BC889C01A3340
  59 |    155 |     35 |  8.764606484722782 | 0102000020E610000002000000B73066A68F3552409E4B27C8BE1A334040BE840A8E3552403E6BC889C01A3340
  59 |    159 |    153 |   8.96952057477067 | 0102000020E610000002000000B73066A68F3552409E4B27C8BE1A334040BE840A8E3552403E6BC889C01A3340
  60 |    159 |     35 |  6.144599533802122 | 0102000020E610000002000000E13F82878E355240E807BF1E5D1A334040BE840A8E3552403E6BC889C01A3340
(10 rows)

