 gid | source | target |      agg_cost      |                                                                                                          the_geom                                                                                                          
-----+--------+--------+--------------------+----------------------------------------------------------------------------------------------------------------------------------------------------------------------------------------------------------------------------
 163 |     98 |     99 | 1.2794927512370855 | 0102000020E61000000200000064A82FF0813552409540EF32681B334047FF70FC7535524030EB0FDE681B3340
 162 |     36 |     98 | 1.3290329100878826 | 0102000020E6100000020000004636A15A8E355240838D4699681B334064A82FF0813552409540EF32681B3340
  61 |    158 |     36 | 1.4493409579441925 | 0102000020E61000000200000051C719798F3552409540EF32681B33404636A15A8E355240838D4699681B3340
 472 |    158 |    312 | 2.2354545727659896 | 0102000020E61000000200000051C719798F3552409540EF32681B33408D83A6808F355240FDAF29464C1B3340
 237 |     99 |    145 |  2.427530387055349 | 0102000020E61000000200000047FF70FC7535524030EB0FDE681B33406499D9426B3552407D40A033691B3340
 470 |    312 |    311 |  2.791877105220322 | 0102000020E6100000020000008D83A6808F355240FDAF29464C1B33400A01AF858F3552400D8D2782381B3340
  21 |     36 |     13 | 3.9047199275446904 | 0102000020E6100000020000004636A15A8E355240838D4699681B3340E63B9DD0903552402B22799DC31B3340
 180 |    145 |    109 |  3.970347591636453 | 0102000020E6100000020000006499D9426B3552407D40A033691B3340A7EA1ED95C3552408E07B6A5691B3340
 259 |    157 |    158 |  4.022391725856522 | 0102000020E610000002000000F716201B923552402B6A300DC31B334051C719798F3552409540EF32681B3340
 236 |    293 |    145 |  4.742001982159765 | 0102000020E6100000020000005E21BDF26A3552405F3AF768BB1B33406499D9426B3552407D40A033691B3340
 230 |     98 |    142 | 4.7488523586028935 | 0102000020E61000000200000064A82FF0813552409540EF32681B3340C9C9C4AD823552402DEC6987BF1A3340
 213 |    109 |    132 |   5.41933819672286 | 0102000020E610000002000000A7EA1ED95C3552408E07B6A5691B3340EF6BC94F4F3552402351C3126A1B3340
 341 |    157 |    213 |  5.745772843183961 | 0102000020E610000002000000F716201B923552402B6A300DC31B33406CE22E0CA235524018320D79BA1B3340
 257 |    373 |    157 |   5.84798226677255 | 0102000020E61000000200000008F2A265933552404BA544B7031C3340F716201B923552402B6A300DC31B3340
 549 |    371 |    373 |   5.88368297565751 | 0102000020E610000002000000505CE9109335524063B9008F031C334008F2A265933552404BA544B7031C3340
 540 |    213 |    364 |  5.920892571153665 | 0102000020E6100000020000006CE22E0CA235524018320D79BA1B33409472ADACA3355240D18547D1B91B3340
 231 |     35 |    142 |  5.965422621612838 | 0102000020E61000000200000040BE840A8E3552403E6BC889C01A3340C9C9C4AD823552402DEC6987BF1A3340
 232 |    142 |    143 |  6.032675642662768 | 0102000020E610000002000000C9C9C4AD823552402DEC6987BF1A33407C8560B0763552405D00755EBE1A3340
  64 |     13 |     37 | 6.1003822505499805 | 0102000020E610000002000000E63B9DD0903552402B22799DC31B334074942820923552407ACAC573111C3340
  59 |    159 |     35 |  6.144599533802122 | 0102000020E610000002000000B73066A68F3552409E4B27C8BE1A334040BE840A8E3552403E6BC889C01A3340
  63 |     93 |     37 |  6.304422409275661 | 0102000020E6100000020000003D0565BF933552400D648742151C334074942820923552407ACAC573111C3340
 443 |    112 |    293 |  6.308663595703528 | 0102000020E610000002000000947C36BC6A35524084F57F0EF31B33405E21BDF26A3552405F3AF768BB1B3340
 208 |    132 |    129 |  6.548259057854857 | 0102000020E610000002000000EF6BC94F4F3552402351C3126A1B33403CCFE9C3443552404727A6666A1B3340
 551 |    373 |    374 | 6.8444698459051825 | 0102000020E61000000200000008F2A265933552404BA544B7031C334062D68BA19C35524020E6DC37081C3340
 351 |     37 |    223 |  7.045889619290997 | 0102000020E61000000200000074942820923552407ACAC573111C33409162804493355240B62BF4C1321C3340
 153 |    227 |     93 |  7.135132752325832 | 0102000020E6100000020000000DAC3EB2943552408146448C321C33403D0565BF933552400D648742151C3340
 234 |    145 |    144 |  7.238631814446654 | 0102000020E6100000020000006499D9426B3552407D40A033691B33402EF944436B3552409389004CBE1A3340
 548 |    374 |    372 |   7.30345191267207 | 0102000020E61000000200000062D68BA19C35524020E6DC37081C3340073763E2A035524090DD054A0A1C3340
 154 |    111 |     93 |  7.447294838371644 | 0102000020E6100000020000004489963C9E3552408C9A54D91C1C33403D0565BF933552400D648742151C3340
 352 |    223 |    224 |  7.564428934549152 | 0102000020E6100000020000009162804493355240B62BF4C1321C334067B224E593355240608EC305451C3340
 355 |    228 |    227 |  7.675480664240286 | 0102000020E6100000020000005A5DF34F95355240B3446799451C33400DAC3EB2943552408146448C321C3340
 202 |    129 |    125 |  7.696121163973777 | 0102000020E6100000020000003CCFE9C3443552404727A6666A1B334024C9BD0A3A355240947C36BC6A1B3340
 215 |    132 |    133 |  7.866100726675792 | 0102000020E610000002000000EF6BC94F4F3552402351C3126A1B33401FC253234F35524061B0D128131B3340
 280 |    142 |    169 | 7.9353372537275675 | 0102000020E610000002000000C9C9C4AD823552402DEC6987BF1A334099A14CFE82355240D8E77B574E1A3340
 462 |    112 |    306 |  8.086671350735411 | 0102000020E610000002000000947C36BC6A35524084F57F0EF31B334036D6B4415C3552407A820E04121C3340
  65 |    224 |     38 |   8.13745409246623 | 0102000020E61000000200000067B224E593355240608EC305451C3340139A249694355240BB7B2535591C3340
 356 |     82 |    228 |   8.30655600335205 | 0102000020E610000002000000420180089635524054AA44D95B1C33405A5DF34F95355240B3446799451C3340
 255 |    169 |    156 |  8.589593153363698 | 0102000020E61000000200000099A14CFE82355240D8E77B574E1A3340BA79F4D0883552405F6EE646471A3340
 183 |    144 |    110 |  8.762659091483645 | 0102000020E6100000020000002EF944436B3552409389004CBE1A33400C546B065D3552404B958334BE1A3340
  60 |    155 |     35 |  8.764606484722782 | 0102000020E610000002000000E13F82878E355240E807BF1E5D1A334040BE840A8E3552403E6BC889C01A3340
 214 |    107 |    132 |  8.789683360449096 | 0102000020E6100000020000001F4F26C94E3552406F9406C8E11B3340EF6BC94F4F3552402351C3126A1B3340
 552 |    374 |    375 |  8.794955180416043 | 0102000020E61000000200000062D68BA19C35524020E6DC37081C33409F81470A9B355240C0571932C31B3340
 128 |    306 |     79 |  8.821989181001467 | 0102000020E61000000200000036D6B4415C3552407A820E04121C3340066685225D355240EF1417EC2B1C3340
 278 |    143 |    168 |  8.843362432189721 | 0102000020E6100000020000007C8560B0763552405D00755EBE1A3340ABD84E4A773552401950148D5A1A3340
 251 |    159 |    153 |   8.96952057477067 | 0102000020E610000002000000B73066A68F3552409E4B27C8BE1A33403982AF4390355240D25B97755A1A3340
 210 |    129 |    130 |  8.985428444539608 | 0102000020E6100000020000003CCFE9C3443552404727A6666A1B33406C25749744355240FC5AF2D3131B3340
 166 |    125 |    101 |  9.125993464704953 | 0102000020E61000000200000024C9BD0A3A355240947C36BC6A1B33409C1320AF2C355240D5C7E8256B1B3340
  40 |     38 |     24 |  9.244894208545695 | 0102000020E610000002000000139A249694355240BB7B2535591C3340AE896077953552404D6C9967801C3340
 281 |    156 |    170 |  9.245636287136858 | 0102000020E610000002000000BA79F4D0883552405F6EE646471A3340346CEFAE8E35524009CB338A401A3340
 129 |     79 |     80 |  9.308698417157776 | 0102000020E610000002000000066685225D355240EF1417EC2B1C334070E591E45E355240F99FFCDD3B1C3340
 132 |     92 |     82 |  9.405641379586196 | 0102000020E610000002000000C5C5F6FF96355240C3C4D5B7821C3340420180089635524054AA44D95B1C3340
 282 |     11 |    170 |  9.411980337037173 | 0102000020E61000000200000064C279828E3552402FB9F6AA3A1A3340346CEFAE8E35524009CB338A401A3340
 261 |    170 |    160 |  9.451766455258682 | 0102000020E610000002000000346CEFAE8E35524009CB338A401A33409EEBFB7090355240CF48298D3D1A3340
 396 |     82 |    260 |  9.601885897573766 | 0102000020E610000006000000420180089635524054AA44D95B1C334059E1F148973552408E88731E5F1C3340B7F75F9D99355240ABC9F89C601C334027005A4E9D355240742090F0621C33401F20A9CF9F35524056777643641C3340CB8E43B3A1355240C00D8C17661C3340
 533 |    160 |    359 |     9.602713754631 | 0102000020E6100000030000009EEBFB7090355240CF48298D3D1A3340F8D73C5890355240E868554B3A1A33409EBDE94C903552404EF27E37381A3340
 212 |    306 |    131 |  9.680181862857536 | 0102000020E61000000200000036D6B4415C3552407A820E04121C334037ED180D4F355240A277CF262C1C3340
 276 |    144 |    167 |  9.741611163124018 | 0102000020E6100000020000002EF944436B3552409389004CBE1A334016139B8F6B35524055E70764651A3340
 209 |    128 |    129 |  9.892410474579076 | 0102000020E6100000020000006CB2463D4435524075E1AC2DE11B33403CCFE9C3443552404727A6666A1B3340
(58 rows)

