 seq | path_seq | node  | edge  |       cost        |     agg_cost     
-----+----------+-------+-------+-------------------+------------------
   1 |        1 | 13009 |  8374 |  6.51123121343855 |                0
   2 |        2 |  7444 | 15952 |  9.22333158615332 | 6.51123121343855
   3 |        3 |  9616 | 15953 |  3.60082042999407 | 15.7345627995919
   4 |        4 | 10458 | 15574 |  6.87171408112042 | 19.3353832295859
   5 |        5 |  9435 | 15573 |  4.90611338297315 | 26.2070973107064
   6 |        6 |  7772 | 18760 |  3.71331394990179 | 31.1132106936795
   7 |        7 |  7010 | 18773 |  3.69594218190552 | 34.8265246435813
   8 |        8 |  7788 |  3201 |  11.5360212979419 | 38.5224668254868
   9 |        9 | 10597 |  3202 |  1.74040357533245 | 50.0584881234287
  10 |       10 |  5594 |  3203 |  1.62500852328745 | 51.7988916987612
  11 |       11 | 10131 | 18747 |  2.27877440455693 | 53.4239002220486
  12 |       12 |  3668 |  5724 | 0.829437047814006 | 55.7026746266056
  13 |       13 |  2036 |  5723 |  2.09060263217087 | 56.5321116744196
  14 |       14 |   288 |  5722 |  4.03407287728929 | 58.6227143065904
  15 |       15 | 10202 | 16390 |  5.79083839389503 | 62.6567871838797
  16 |       16 |  9411 |    -1 |                 0 | 68.4476255777748
(16 rows)

