 seq |       cost        |       name        |                                                                                                       route_geom                                                                                                        
-----+-------------------+-------------------+-------------------------------------------------------------------------------------------------------------------------------------------------------------------------------------------------------------------------
   1 |  7.27604899087074 |                   | LINESTRING(-71.040802 42.351054,-71.0414012 42.3502602)
   2 |  1.01816853840743 |                   | LINESTRING(-71.0414012 42.3502602,-71.0412494 42.3502008)
   3 | 0.975925467155088 |                   | LINESTRING(-71.0412494 42.3502008,-71.0411057 42.3501414)
   4 |  4.44861341956595 |                   | LINESTRING(-71.0411057 42.3501414,-71.0410692 42.3501297,-71.0410906 42.3501009,-71.0413602 42.350209,-71.0415406 42.3499785)
   5 | 0.671628596885399 |                   | LINESTRING(-71.0415406 42.3499785,-71.0415975 42.3499059)
   6 |  3.91486532383829 | Seaport Boulevard | LINESTRING(-71.0415975 42.3499059,-71.0410207 42.3496681)
   7 |  1.76380581308775 | Seaport Boulevard | LINESTRING(-71.0410207 42.3496681,-71.0407608 42.349561)
   8 |  7.76546643488788 | Seaport Boulevard | LINESTRING(-71.0407608 42.349561,-71.0398294 42.3491768,-71.0397563 42.3491519,-71.0396823 42.3491326,-71.0395986 42.3491248)
   9 |  4.30326906874485 | Northern Avenue   | LINESTRING(-71.0395986 42.3491248,-71.0389628 42.3488658)
  10 |  5.08419487554397 | Northern Avenue   | LINESTRING(-71.0389628 42.3488658,-71.0382114 42.3485601)
  11 |  4.78203635913677 | Northern Avenue   | LINESTRING(-71.0382114 42.3485601,-71.0375056 42.3482713)
  12 |  3.97156039038607 | Northern Avenue   | LINESTRING(-71.0375056 42.3482713,-71.0369182 42.3480331)
  13 |  4.21730808084949 | Northern Avenue   | LINESTRING(-71.0369182 42.3480331,-71.036459 42.3477685,-71.0364247 42.3477362,-71.0364057 42.3477189,-71.0363855 42.34769)
  14 | 0.465956368522328 |                   | LINESTRING(-71.0363855 42.34769,-71.0363852 42.3476621,-71.0363761 42.3476325)
  15 |  1.23521121348427 |                   | LINESTRING(-71.0363761 42.3476325,-71.0363641 42.3476126,-71.0363439 42.3475904,-71.0363079 42.347566,-71.0362657 42.34755,-71.0362202 42.3475427)
  16 | 0.394455243527346 |                   | LINESTRING(-71.0362202 42.3475427,-71.0361854 42.347543,-71.0361543 42.3475475)
  17 |  4.00838765182748 | Northern Avenue   | LINESTRING(-71.0361543 42.3475475,-71.0360943 42.3475372,-71.0360469 42.3475266,-71.0360014 42.3475067,-71.0359613 42.347478,-71.0358196 42.3473192,-71.0357825 42.347288,-71.0357302 42.3472563,-71.035666 42.3472266)
  18 |  6.51123121343855 | Northern Avenue   | LINESTRING(-71.035666 42.3472266,-71.0351521 42.3466748,-71.0350907 42.3466184,-71.0350277 42.346565)
(18 rows)

CREATE FUNCTION
 seq |        cost         |          name           |                                                                                                                                st_astext                                                                                                                                
-----+---------------------+-------------------------+-------------------------------------------------------------------------------------------------------------------------------------------------------------------------------------------------------------------------------------------------------------------------
   1 |   0.121267483181179 |                         | LINESTRING(-71.040802 42.351054,-71.0414012 42.3502602)
   2 |  0.0239114686446986 |                         | LINESTRING(-71.0414012 42.3502602,-71.0415194 42.3501037)
   3 |  0.0510325722213837 | World Trade Center Road | LINESTRING(-71.0415194 42.3501037,-71.0417712 42.3497695)
   4 |   0.101153842472227 | World Trade Center Road | LINESTRING(-71.0417712 42.3497695,-71.0422711 42.3491074)
   5 |  0.0608710944704568 | World Trade Center Road | LINESTRING(-71.0422711 42.3491074,-71.0425686 42.3487076)
   6 |   0.234868659580492 | World Trade Center Road | LINESTRING(-71.0425686 42.3487076,-71.0433997 42.3475907,-71.0434581 42.3475149,-71.0437451 42.3471775)
   7 |  0.0147122888254378 | World Trade Center Road | LINESTRING(-71.0437451 42.3471775,-71.0438233 42.3470836)
   8 |  0.0186864573668544 | Summer Street           | LINESTRING(-71.0438233 42.3470836,-71.043671 42.3470006)
   9 |  0.0961813968889076 | Summer Street           | LINESTRING(-71.043671 42.3470006,-71.0428787 42.346582)
  10 |  0.0735837785242783 | Summer Street           | LINESTRING(-71.0428787 42.346582,-71.0422726 42.3462617)
  11 |  0.0171717428653313 | Summer Street           | LINESTRING(-71.0422726 42.3462617,-71.0421315 42.3461866)
  12 |  0.0142367934392995 | D Street                | LINESTRING(-71.0421315 42.3461866,-71.0420352 42.346266)
  13 |     0.0422278366178 | D Street                | LINESTRING(-71.0420352 42.346266,-71.0417497 42.3465016)
  14 | 0.00930280495806409 | D Street                | LINESTRING(-71.0417497 42.3465016,-71.0416868 42.3465535)
  15 | 0.00855593753684319 | D Street                | LINESTRING(-71.0416868 42.3465535,-71.0416289 42.3466012)
  16 |   0.053493905480869 | D Street                | LINESTRING(-71.0416289 42.3466012,-71.0412688 42.3469007)
  17 | 0.00747206424752287 | D Street                | LINESTRING(-71.0412688 42.3469007,-71.041218 42.3469422)
  18 |  0.0398537131748448 | D Street                | LINESTRING(-71.041218 42.3469422,-71.0410361 42.3470908,-71.0409518 42.3471666)
  19 |  0.0541036090365401 | D Street                | LINESTRING(-71.0409518 42.3471666,-71.0407137 42.3474044,-71.0406169 42.3474873)
  20 |  0.0251054524685886 | Silver Line Way         | LINESTRING(-71.0406169 42.3474873,-71.0403946 42.3473963)
  21 |  0.0969077112420747 | Silver Line Way         | LINESTRING(-71.0403946 42.3473963,-71.0402893 42.3473511,-71.0401966 42.3473163,-71.0401046 42.3472839,-71.0400107 42.347252,-71.0399209 42.3472243,-71.0398319 42.3472009,-71.0397444 42.3471835,-71.0396585 42.3471687,-71.0395653 42.3471572,-71.0394815 42.3471494)
  22 |  0.0126002746578369 | Silver Line Way         | LINESTRING(-71.0394815 42.3471494,-71.0393547 42.34714)
  23 |  0.0671604162143323 | Silver Line Way         | LINESTRING(-71.0393547 42.34714,-71.0392452 42.3471364,-71.0391207 42.3471377,-71.038676 42.3471517)
  24 |  0.0464547132775842 | Silver Line Way         | LINESTRING(-71.038676 42.3471517,-71.0382062 42.3471545)
  25 |  0.0447080689252215 | Silver Line Way         | LINESTRING(-71.0382062 42.3471545,-71.0378511 42.3471553,-71.0377544 42.3471492)
  26 |   0.082375154292055 | Silver Line Way         | LINESTRING(-71.0377544 42.3471492,-71.0376861 42.3471336,-71.0376256 42.3471111,-71.0375693 42.3470852,-71.037061 42.346812)
  27 |  0.0677397195944514 | Haul Road               | LINESTRING(-71.037061 42.346812,-71.037059 42.346813,-71.0366705 42.3472294)
  28 |  0.0615269543218642 | Haul Road               | LINESTRING(-71.0366705 42.3472294,-71.0363266 42.3474955,-71.0362959 42.3475146,-71.0362642 42.3475305,-71.0362202 42.3475427)
  29 | 0.00657425405878911 |                         | LINESTRING(-71.0362202 42.3475427,-71.0361854 42.347543,-71.0361543 42.3475475)
  30 |  0.0668064608637913 | Northern Avenue         | LINESTRING(-71.0361543 42.3475475,-71.0360943 42.3475372,-71.0360469 42.3475266,-71.0360014 42.3475067,-71.0359613 42.347478,-71.0358196 42.3473192,-71.0357825 42.347288,-71.0357302 42.3472563,-71.035666 42.3472266)
  31 |   0.108520520223976 | Northern Avenue         | LINESTRING(-71.035666 42.3472266,-71.0351521 42.3466748,-71.0350907 42.3466184,-71.0350277 42.346565)
(31 rows)

CREATE FUNCTION
 seq |        cost         |          name           |      heading      |                                                                                                                                st_astext                                                                                                                                
-----+---------------------+-------------------------+-------------------+-------------------------------------------------------------------------------------------------------------------------------------------------------------------------------------------------------------------------------------------------------------------------
   1 |   0.121267483181179 |                         |  3.78819059932897 | LINESTRING(-71.040802 42.351054,-71.0414012 42.3502602)
   2 |  0.0239114686446986 |                         |  3.78845903624131 | LINESTRING(-71.0414012 42.3502602,-71.0415194 42.3501037)
   3 |  0.0510325722213837 | World Trade Center Road |  3.78729240142284 | LINESTRING(-71.0415194 42.3501037,-71.0417712 42.3497695)
   4 |   0.101153842472227 | World Trade Center Road |  3.78830003860647 | LINESTRING(-71.0417712 42.3497695,-71.0422711 42.3491074)
   5 |  0.0608710944704568 | World Trade Center Road |  3.78132125549616 | LINESTRING(-71.0422711 42.3491074,-71.0425686 42.3487076)
   6 |   0.234868659580492 | World Trade Center Road |  3.79708294945861 | LINESTRING(-71.0425686 42.3487076,-71.0433997 42.3475907,-71.0434581 42.3475149,-71.0437451 42.3471775)
   7 |  0.0147122888254378 | World Trade Center Road |  3.83601659619534 | LINESTRING(-71.0437451 42.3471775,-71.0438233 42.3470836)
   8 |  0.0186864573668544 | Summer Street           |   2.0697749446788 | LINESTRING(-71.0438233 42.3470836,-71.043671 42.3470006)
   9 |  0.0961813968889076 | Summer Street           |  2.05685432073718 | LINESTRING(-71.043671 42.3470006,-71.0428787 42.346582)
  10 |  0.0735837785242783 | Summer Street           |  2.05695236878857 | LINESTRING(-71.0428787 42.346582,-71.0422726 42.3462617)
  11 |  0.0171717428653313 | Summer Street           |  2.05990722476952 | LINESTRING(-71.0422726 42.3462617,-71.0421315 42.3461866)
  12 |  0.0142367934392995 | D Street                | 0.881289845288316 | LINESTRING(-71.0421315 42.3461866,-71.0420352 42.346266)
  13 |     0.0422278366178 | D Street                | 0.880866038453972 | LINESTRING(-71.0420352 42.346266,-71.0417497 42.3465016)
  14 | 0.00930280495806409 | D Street                | 0.880925338340599 | LINESTRING(-71.0417497 42.3465016,-71.0416868 42.3465535)
  15 | 0.00855593753684319 | D Street                | 0.881690351371263 | LINESTRING(-71.0416868 42.3465535,-71.0416289 42.3466012)
  16 |   0.053493905480869 | D Street                |  0.87701483116575 | LINESTRING(-71.0416289 42.3466012,-71.0412688 42.3469007)
  17 | 0.00747206424752287 | D Street                | 0.885817646972822 | LINESTRING(-71.0412688 42.3469007,-71.041218 42.3469422)
  18 |  0.0398537131748448 | D Street                | 0.870394680723295 | LINESTRING(-71.041218 42.3469422,-71.0410361 42.3470908,-71.0409518 42.3471666)
  19 |  0.0541036090365401 | D Street                | 0.807054325768119 | LINESTRING(-71.0409518 42.3471666,-71.0407137 42.3474044,-71.0406169 42.3474873)
  20 |  0.0251054524685886 | Silver Line Way         |  1.95934273165052 | LINESTRING(-71.0406169 42.3474873,-71.0403946 42.3473963)
  21 |  0.0969077112420747 | Silver Line Way         |  1.83487865900248 | LINESTRING(-71.0403946 42.3473963,-71.0402893 42.3473511,-71.0401966 42.3473163,-71.0401046 42.3472839,-71.0400107 42.347252,-71.0399209 42.3472243,-71.0398319 42.3472009,-71.0397444 42.3471835,-71.0396585 42.3471687,-71.0395653 42.3471572,-71.0394815 42.3471494)
  22 |  0.0126002746578369 | Silver Line Way         |  1.64479346342938 | LINESTRING(-71.0394815 42.3471494,-71.0393547 42.34714)
  23 |  0.0671604162143323 | Silver Line Way         |  1.55355919520721 | LINESTRING(-71.0393547 42.34714,-71.0392452 42.3471364,-71.0391207 42.3471377,-71.038676 42.3471517)
  24 |  0.0464547132775842 | Silver Line Way         |  1.56483641438162 | LINESTRING(-71.038676 42.3471517,-71.0382062 42.3471545)
  25 |  0.0447080689252215 | Silver Line Way         |  1.58252664310493 | LINESTRING(-71.0382062 42.3471545,-71.0378511 42.3471553,-71.0377544 42.3471492)
  26 |   0.082375154292055 | Silver Line Way         |  2.02342350028568 | LINESTRING(-71.0377544 42.3471492,-71.0376861 42.3471336,-71.0376256 42.3471111,-71.0375693 42.3470852,-71.037061 42.346812)
  27 |  0.0677397195944514 | Haul Road               | 0.752114259649196 | LINESTRING(-71.037061 42.346812,-71.037059 42.346813,-71.0366705 42.3472294)
  28 |  0.0615269543218642 | Haul Road               | 0.962922761299249 | LINESTRING(-71.0366705 42.3472294,-71.0363266 42.3474955,-71.0362959 42.3475146,-71.0362642 42.3475305,-71.0362202 42.3475427)
  29 | 0.00657425405878911 |                         |  1.49808709454952 | LINESTRING(-71.0362202 42.3475427,-71.0361854 42.347543,-71.0361543 42.3475475)
  30 |  0.0668064608637913 | Northern Avenue         |  2.15220102921469 | LINESTRING(-71.0361543 42.3475475,-71.0360943 42.3475372,-71.0360469 42.3475266,-71.0360014 42.3475067,-71.0359613 42.347478,-71.0358196 42.3473192,-71.0357825 42.347288,-71.0357302 42.3472563,-71.035666 42.3472266)
  31 |   0.108520520223976 | Northern Avenue         |  2.37411702665964 | LINESTRING(-71.035666 42.3472266,-71.0351521 42.3466748,-71.0350907 42.3466184,-71.0350277 42.346565)
(31 rows)

