 seq | path_seq | node  | edge  |         cost         |       agg_cost       
-----+----------+-------+-------+----------------------+----------------------
   1 |        1 |  9411 | 13014 | 0.000261339572452971 |                    0
   2 |        2 |  5080 | 13015 | 0.000122967068757988 | 0.000261339572452971
   3 |        3 | 13059 | 12988 | 0.000194746085681759 | 0.000384306641210959
   4 |        4 | 10292 |  6580 | 0.000378739436897062 | 0.000579052726892717
   5 |        5 |  9686 | 18214 | 0.000122198404250062 |  0.00095779216378978
   6 |        6 | 14296 | 19710 |  0.00193083142281014 |  0.00107999056803984
   7 |        7 | 11992 | 19257 | 0.000498343546164985 |  0.00301082199084998
   8 |        8 |   220 |  9292 | 0.000829624264347135 |  0.00350916553701497
   9 |        9 | 11385 |  9271 | 0.000418441011372923 |   0.0043387898013621
  10 |       10 |  5108 |  8365 | 0.000196121110545352 |  0.00475723081273502
  11 |       11 | 11738 |  8366 |  0.00099456476912791 |  0.00495335192328038
  12 |       12 |  3986 |    -1 |                    0 |  0.00594791669240829
(12 rows)

