 seq | node  | edge  |         cost         
-----+-------+-------+----------------------
   0 | 13224 |   815 |  0.00177810584893137
   1 |  3495 |   820 |  0.00179225967147818
   2 |   905 | 19177 | 0.000102092605022171
   3 |  6893 | 19178 | 8.66225143958747e-05
   4 |  7753 | 19191 |  0.00047705096163826
   5 |  8159 |  7015 | 0.000513853140499986
   6 |  2477 |  7016 | 9.12382595170489e-05
   7 | 11902 |  7017 | 9.71560600269149e-05
   8 |  2042 |  7018 | 0.000120258430056735
   9 |  4004 |  7019 |  0.00102611053011065
  10 |  6549 |    -1 |                    0
(11 rows)

BEGIN
