 seq | path_seq | node  | edge  |       cost        |     agg_cost     |                                            st_astext                                            
-----+----------+-------+-------+-------------------+------------------+-------------------------------------------------------------------------------------------------
   1 |        1 | 13224 |   815 |  19.9230412757899 |                0 | LINESTRING(7.1234212 50.7172365,7.1220583 50.7183785)
   2 |        2 |  3495 |   820 |  10.8873256142959 | 19.9230412757899 | LINESTRING(7.1250564 50.7179702,7.1244554 50.7176698,7.1235463 50.7172858,7.1234212 50.7172365)
   3 |        3 |   905 |   819 |  1.62841081775502 | 30.8103668900858 | LINESTRING(7.1252835 50.7180941,7.1251813 50.7180326,7.1250564 50.7179702)
   4 |        4 |  4973 |   331 |  1.09464370028738 | 32.4387777078408 | LINESTRING(7.1252835 50.7180941,7.1253634 50.7180339)
   5 |        5 |  8783 |  7014 |  1.85980318726536 | 33.5334214081282 | LINESTRING(7.1253634 50.7180339,7.1255128 50.7179396)
   6 |        6 | 12792 |  8077 | 0.387128281146154 | 35.3932245953936 | LINESTRING(7.1255128 50.7179396,7.125566 50.7179697)
   7 |        7 | 10537 |  8078 | 0.691584902562495 | 35.7803528765397 | LINESTRING(7.125566 50.7179697,7.125661 50.7180235)
   8 |        8 |  3323 |  8070 |  4.74670060391361 | 36.4719377791022 | LINESTRING(7.125661 50.7180235,7.126268 50.7176245)
   9 |        9 |  1515 | 19175 | 0.434844038482694 | 41.2186383830159 | LINESTRING(7.126268 50.7176245,7.1263232 50.7175877)
  10 |       10 |  7787 | 19176 |  1.50706950320129 | 41.6534824214985 | LINESTRING(7.1263232 50.7175877,7.1265154 50.7174607)
  11 |       11 | 15950 | 19186 |  6.87047357229535 | 43.1605519246998 | LINESTRING(7.1265154 50.7174607,7.1273927 50.7168824)
  12 |       12 |  6062 |  7889 |  1.29886576975074 | 50.0310254969952 | LINESTRING(7.1273927 50.7168824,7.1272155 50.7167805)
  13 |       13 |  6549 |    -1 |                 0 | 51.3298912667459 | 
(13 rows)

