 seq |       cost        |          name          |                                           route_geom                                            
-----+-------------------+------------------------+-------------------------------------------------------------------------------------------------
   1 |  19.9230412757899 | Karl-Carstens-Straße   | LINESTRING(7.1220583 50.7183785,7.1234212 50.7172365)
   2 |  10.8873256142959 | Heussallee             | LINESTRING(7.1234212 50.7172365,7.1235463 50.7172858,7.1244554 50.7176698,7.1250564 50.7179702)
   3 |  1.62841081775502 | Heussallee             | LINESTRING(7.1250564 50.7179702,7.1251813 50.7180326,7.1252835 50.7180941)
   4 |  1.09464370028738 | Kurt-Schumacher-Straße | LINESTRING(7.1252835 50.7180941,7.1253634 50.7180339)
   5 |  1.85980318726536 | Kurt-Schumacher-Straße | LINESTRING(7.1253634 50.7180339,7.1255128 50.7179396)
   6 | 0.387128281146154 |                        | LINESTRING(7.1255128 50.7179396,7.125566 50.7179697)
   7 | 0.691584902562495 |                        | LINESTRING(7.125566 50.7179697,7.125661 50.7180235)
   8 |  4.74670060391361 |                        | LINESTRING(7.125661 50.7180235,7.126268 50.7176245)
   9 | 0.434844038482694 |                        | LINESTRING(7.126268 50.7176245,7.1263232 50.7175877)
  10 |  1.50706950320129 |                        | LINESTRING(7.1263232 50.7175877,7.1265154 50.7174607)
  11 |  6.87047357229535 |                        | LINESTRING(7.1265154 50.7174607,7.1273927 50.7168824)
  12 |  1.29886576975074 |                        | LINESTRING(7.1273927 50.7168824,7.1272155 50.7167805)
(12 rows)

